DS923722.1_cds_EEC17452.1_3143_1	contig_75002_1	36.000	50	28	1	1	50	204064	204201	2.3	30.8
DS923722.1_cds_EEC17452.1_3143_1	contig_40080_1	36.170	47	26	1	2	44	329876	330016	4.6	30.0
DS923722.1_cds_EEC17452.1_3143_1	contig_18809_1	47.059	34	17	1	17	50	40585	40683	6.6	29.3
JABSTQ010009619.1_cds_KAG0427517.1_12376_1	contig_17345_1	42.105	57	33	0	4	60	360183	360013	1.95e-08	53.5
JABSTQ010009619.1_cds_KAG0427517.1_12376_1	contig_17346_1	42.105	57	33	0	4	60	88800	88970	2.03e-08	53.5
JABSTQ010009619.1_cds_KAG0427517.1_12376_1	contig_100641_1	43.590	39	21	1	15	52	8252	8136	3.4	30.0
JABSTQ010009619.1_cds_KAG0427517.1_12376_1	contig_11769_1	40.909	44	24	1	5	46	5957	6088	3.4	30.0
JABSTQ010009619.1_cds_KAG0427517.1_12376_1	contig_233281_1	38.776	49	24	2	6	50	19298	19158	7.0	29.3
JABSTQ010003096.1_cds_KAG0443635.1_2128_1	contig_42536_1	48.387	31	15	1	20	50	233197	233286	1.1	31.6
JABSTQ010003096.1_cds_KAG0443635.1_2128_1	contig_27637_1	34.783	46	30	0	15	60	17316	17179	1.3	31.2
JABSTQ010002144.1_cds_KAG0444350.1_1410_1	contig_135581_1	50.000	24	12	0	37	60	64631	64560	6.0	29.6
JABSTQ010010511.1_cds_KAG0420414.1_18897_1	contig_17345_1	34.783	46	30	0	10	55	359811	359674	4.20e-04	41.2
JABSTQ010010511.1_cds_KAG0420414.1_18897_1	contig_17346_1	34.783	46	30	0	10	55	89172	89309	4.64e-04	41.2
JABSTQ010010511.1_cds_KAG0420414.1_18897_1	contig_34045_1	40.000	40	24	0	15	54	8584	8703	2.7	30.4
JABSTQ010010511.1_cds_KAG0420414.1_18897_1	contig_31115_1	36.842	38	24	0	22	59	146899	147012	2.8	30.4
JABSTQ010010511.1_cds_KAG0420414.1_18897_1	contig_120048_1	39.286	28	17	0	29	56	33577	33494	5.1	29.6
